 	GVR Best	Optimal	Heuristics Best
Instance	Vehicles	Distance	Vehicles	Distance	Vehicles	Distance
C101	10	827.3	10	827.3	10	828.94
C102	10	827.3	10	827.3	10	828.94
C103	10	826.3	10	826.3	10	828.06
C104	10	826.0	10	822.9	10	824.78
C105	10	827.3	10	827.3	10	828.94
C106	10	827.3	10	827.3	10	828.94
C107	10	827.3	10	827.3	10	828.94
C108	10	827.3	10	827.3	10	828.94
C109	10	827.3	10	827.3	10	828.94
R101	21	1666.3	20	1637.7	19	1645.79
R102	19	1486.1	18	1466.6	17	1486.12
R103	15	1243.4	14	1208.7	13	1292.68
R104	12	1013.6	n/a	n/a	10	982.01
R105	17	1423.5	15	1355.3	14	1377.11
R106	15	1282.8	13	1234.6	12	1252.03
R107	12	1110.6	11	1064.6	10	1104.66
R108	10	983.4	n/a	n/a	9	960.88
R109	14	1209.2	13	1146.9	11	1194.73
R110	13	1140.3	12	1068	10	1118.84
R111	12	1115.9	12	1048.7	10	1096.72
R112	11	1003.5	n/a	n/a	9	982.14
RC101	18	1671.2	15	1619.8	14	1696.94
RC102	15	1502.5	14	1457.4	12	1554.75
RC103	12	1317.7	11	1258	11	1261.67
RC104	11	1179.9	n/a	n/a	10	1135.48
RC105	17	1590.5	15	1513.7	13	1629.44
RC106	14	1447.3	n/a	n/a	11	1424.73
RC107	13	1254.0	n/a	n/a	11	1230.48
RC108	12	1174.9	n/a	n/a	10	1139.82
